[1] TRUE
[1] TRUE
1420.575  -14.17186  7.259521  ;; 0.07492161  -7.148811  0.07224773  ;; 0.004212229  -7.140136  0.004203383  ;; 0.0002315778  -7.139909  0.000231551  ;; 1.213726e-05  -7.139902  1.213719e-05  ;; 6.151737e-07  -7.139901  6.151736e-07  ;; 3.045584e-08  -7.139901  3.045584e-08  ;; 1.482187e-09  -7.139901  1.482187e-09  ;; 7.120975e-11  -7.139901  7.12097e-11  ;; 3.38709e-12  -7.139901  3.387068e-12  ;; 1.602105e-13  -7.139901  1.603162e-13  ;; 7.612958e-15  -7.139901  [1] "itr:  13"
1421.405  -13.3866  7.260104  ;; 0.05909781  -6.362947  0.05741742  ;; 0.002819707  -6.355454  0.002815739  ;; 0.0001325372  -6.355323  0.0001325284  ;; 5.998617e-06  -6.35532  5.998599e-06  ;; 2.643757e-07  -6.35532  2.643757e-07  ;; 1.14345e-08  -6.35532  1.14345e-08  ;; 4.877491e-10  -6.35532  4.877494e-10  ;; 2.058736e-11  -6.35532  2.058709e-11  ;; 8.626613e-13  -6.35532  8.628653e-13  ;; 3.528428e-14  -6.35532  [1] "itr:  12"
1422.64  -13.50478  7.260972  ;; 0.08583776  -6.481221  0.08235182  ;; 0.006561804  -6.474386  0.006540369  ;; 0.0005392389  -6.474288  0.0005390935  ;; 4.455961e-05  -6.474286  4.455861e-05  ;; 3.683663e-06  -6.474286  3.683656e-06  ;; 3.045289e-07  -6.474286  3.045288e-07  ;; 2.517542e-08  -6.474286  2.517542e-08  ;; 2.081251e-09  -6.474286  2.081251e-09  ;; 1.720582e-10  -6.474286  1.720581e-10  ;; 1.422373e-11  -6.474286  1.422373e-11  ;; 1.1758e-12  -6.474286  1.175726e-12  ;; 9.651539e-14  -6.474286  9.65894e-14  ;; 8.733754e-15  -6.474286  [1] "itr:  15"
1423.347  -13.25707  7.261469  ;; 0.04419814  -6.235795  0.04324926  ;; 0.001641418  -6.229075  0.001640073  ;; 6.073869e-05  -6.228984  6.073685e-05  ;; 2.198959e-06  -6.228983  2.198956e-06  ;; 7.842803e-08  -6.228983  7.842802e-08  ;; 2.76731e-09  -6.228983  2.76731e-09  ;; 9.684551e-11  -6.228983  9.684564e-11  ;; 3.367271e-12  -6.228983  3.367084e-12  ;; 1.164507e-13  -6.228983  [1] "itr:  11"
1409.123  -11.69297  7.251432  ;; 0.1006298  -4.678003  0.09588252  ;; 0.005620992  -4.660656  0.005605254  ;; 0.0003298275  -4.660224  0.0003297731  ;; 1.987851e-05  -4.660211  1.987831e-05  ;; 1.153285e-06  -4.66021  1.153284e-06  ;; 6.506946e-08  -4.66021  6.506946e-08  ;; 3.594908e-09  -4.66021  3.594907e-09  ;; 1.953961e-10  -4.66021  1.953966e-10  ;; 1.04829e-11  -4.66021  1.048273e-11  ;; 5.567301e-13  -4.66021  5.564438e-13  ;; 2.945013e-14  -4.66021  [1] "itr:  13"
1414.824  -12.12899  7.255467  ;; 0.05946727  -5.112803  0.05776621  ;; 0.002850018  -5.099145  0.002845964  ;; 0.0001344644  -5.098853  0.0001344553  ;; 6.124468e-06  -5.098845  6.124449e-06  ;; 2.727534e-07  -5.098845  2.727534e-07  ;; 1.19718e-08  -5.098845  1.19718e-08  ;; 5.704315e-10  -5.098845  5.704313e-10  ;; 2.735578e-11  -5.098845  2.73559e-11  ;; 1.311284e-12  -5.098845  1.311395e-12  ;; 6.239453e-14  -5.098845  [1] "itr:  12"
    user   system  elapsed 
8983.486    0.136 8997.157 
 [1] "metro_den_on_a"    "metro_den_on_b"    "metro_den_on_c"   
 [4] "metro_den_on_1"    "metro_den_on_2"    "metro_den_on_3"   
 [7] "metro_den_on_4"    "metro_den_off_a"   "metro_den_off_b"  
[10] "metro_den_off_c"   "metro_den_off_1"   "metro_den_off_2"  
[13] "metro_den_off_3"   "metro_den_off_4"   "touristlocs_den_1"
[16] "touristlocs_den_2" "touristlocs_den_3" "touristlocs_den_4"
 [1] "metro_den_on_a"    "metro_den_on_b"    "metro_den_on_c"   
 [4] "metro_den_on_1"    "metro_den_on_2"    "metro_den_on_3"   
 [7] "metro_den_on_4"    "metro_den_off_a"   "metro_den_off_b"  
[10] "metro_den_off_c"   "metro_den_off_1"   "metro_den_off_2"  
[13] "metro_den_off_3"   "metro_den_off_4"   "touristlocs_den_1"
[16] "touristlocs_den_2" "touristlocs_den_3" "touristlocs_den_4"
[1] "kappa(t(Z_sqweighted) %*% Z_sqweighted): "
[1] 10542.15
[1] "kappa at theta_2 computation: 2700.28914451675"
Warning:  print_info_string  is not a recognized option, we try to pass it to Ipopt as  string 
[1] "params: theta, summary of delta, summary of eta"
 [1]  -2.309775000   0.001839464 -25.001290000   0.000000000   0.210144800
 [6]   0.241167200   0.210144800   0.000000000   0.000000000   0.000000000
[11]   0.000000000   0.000000000   0.000000000   4.587059000
[1] -13.433780  -6.489726  -5.089273  -5.988302  -4.196908  -1.533644
[1] -6.019140e+01 -1.966777e-11 -4.257872e-12  2.865005e+00  5.210974e-12
[6]  9.921497e+01
[1] ""
[1] "kappa at theta_2 computation: 2700.28914451675"
[1] "In eval_g: summary of constraints. delta constraints, eta constraint, density constraint"
[1] -2.775558e-15 -1.040834e-17  0.000000e+00 -1.742078e-18  6.938894e-18
[6]  4.440892e-16
[1] 0 0 0 0 0 0
[1] 9927.491
[1] ""

error: arma::memory::acquire(): out of memory

