tract: 
1_2_3_4_5_6_7_8_9_10
-18.35316164 0 30.05806515
ddc
1251733.165 1156504.169
sdc
1025053.853 1156504.169
subs_perc
2.137876462
points density
0.2208121858
tw_list
0_1_2_3_4_5
theta2
0.2319407888 -0.04170821087 -0.1336691941 -0.3768246711 -1.750691439
-1.979123263 -0.06783951996 -0.4649672426 -0.3667008789 -2.071998683
-4.896466402 -1.018543038 -0.4978127099 -0.9949985564 -3.280729654
-5.001342449 -0.9525401109 -0.3786567069 -0.4653410226 -1.366500902
-2.20904749 -0.2033991176 -0.2477349632 -0.3920622687 -1.658496961
-3.16279064 -0.6701299213 -0.3472980818 -0.4964471831 -1.793472712
-3.043711312 -0.4872019878 -0.2919515299 -0.5909814127 -2.091075927
-3.632863162 -0.6126561056 -0.2954207936 -0.6623465528 -1.925145491
-2.966575455 -0.7250024824 -0.3734470309 -1.512761779 -3.917065425
-5.463526774 -1.00873398 -0.359680022 -1.100692847 -2.890034157
-3.5982662 -0.5804346309 -0.3143490844
time
65852.473
ddc_vec
4000546.704 3565978.812 3197517.074 2883315.133 2613914.658
2381743.62 2180717.539 2005928.038 1853401.976 1719916.613
1602859.348 1500123.795 1410037.181 1331317.584 1263063.936
1204787.817 1156504.169 1093280.963 6897268.076 37689790.86
sdc_vec
1072472.768 1101794.926 1116654.351 1125321.273 1131631.522
1136212.573 1142009.979 1143960.194 1147178.56 1149377.215
1150719.227 1152338.827 1153496.568 1154602.833 1155220.431
1156009.352 1156504.169 1158346.832 1161072.073 1162262.301




tract: 
1_2_3_4_5_6_7_8_9_10
-15.58368629 0 24.49437209
ddc
1242674.93 1156504.169
sdc
1025489.4 1156504.169
subs_perc
4.34931241
points density
0.1104060929
tw_list
0_1_2_3_4_5
theta2
0.2349685452 -0.04108081911 -0.1372969994 -0.393439804 -1.788115125
-2.019965166 -0.06897534506 -0.4784920005 -0.3821932855 -2.120393868
-4.958804663 -1.056918394 -0.5244438755 -1.021470971 -3.327991912
-5.053855888 -0.985896463 -0.400972528 -0.4849410565 -1.406295625
-2.25715447 -0.2148281691 -0.2601590083 -0.4067104615 -1.700497445
-3.216494078 -0.6974673083 -0.365299233 -0.5154797793 -1.833367337
-3.091063317 -0.5105639467 -0.3091108497 -0.6126416011 -2.136370763
-3.686137173 -0.639926357 -0.3127683665 -0.6846052949 -1.965431179
-3.013199253 -0.7505030537 -0.3914946436 -1.549212972 -3.972681933
-5.521523534 -1.046369007 -0.3870942555 -1.130570295 -2.938575392
-3.650185837 -0.6072050443 -0.3371196664
time
61531.126




tract: 
1_2_3_4_5_6_7_8_9_10
-14.51760627 0 23.03005259
ddc
1237938.804 1158836.425
sdc
1021162.472 1158836.425
subs_perc
4.222281325
points density
0.1105703074
tw_list
0_1_2_3_4_5
theta2
0.3313032575 -0.07504055764 -0.1215028599 -0.3786813497 -1.905887706
-2.108013106 -0.09733462594 -0.6781046136 -0.4379310605 -2.521263255
-5.757695278 -1.109049203 -0.4957734453 -1.187664348 -3.96364575
-5.662003363 -0.9763616666 -0.3132368916 -0.4604381003 -1.45974063
-2.359033242 -0.2232318767 -0.2627749129 -0.4271282582 -1.893356848
-3.697971096 -0.706368121 -0.3331390537 -0.5283751375 -2.112494393
-3.43671028 -0.5324650817 -0.2694432556 -0.6878075586 -2.407014348
-4.076673188 -0.6821641765 -0.3094743826 -0.7170886163 -2.086044148
-3.256914828 -0.7522795216 -0.355541874 -2.006137714 -4.767208934
-6.123292548 -1.038138799 -0.3170418875 -1.193783887 -3.337742392
-4.080099529 -0.6005809076 -0.2840289209
time
80336.126




tract: 
1_2_3_4_5_6_7_8_9_10
-5.000061279 0 -9.999842409
ddc
1555.882775 1409.500974
sdc
1269.155639 1409.500974
subs_perc
2.792278793
points density
0.1104060929
tw_list
0_3
theta2
3.281856305e-10 -5.09534319e-11 3.759739908e-10 -1.567994e-09 2.57742875e-10
1.141087693e-10 -2.280582886e-10 8.694521658e-12 3.936628515e-10 -2.017421298e-10
-2.198500936e-10 2.535177078e-10
time
6699.203




tract: 
1_2_3_4_5_6_7_8_9_10
-12.43931473 0 20.11648776
ddc
267494.6349 253811.1917
sdc
231053.7996 253811.1917
subs_perc
5.905422793
points density
0.1104060929
tw_list
0_3
theta2
-0.178932004 -0.02141370933 -2.066065163 -5.119426556 -4.929463974
-2.252718869 -3.280675457 -3.281725715 -3.816445591 -2.989415571
-5.77270279 -3.614984732
time
16259.556




tract: 
1_2_3_4_5_6_7_8_9_10
-12.43931473 0 20.11648776
ddc
267494.6349 253811.1917
sdc
231053.7996 253811.1917
subs_perc
5.905422793
points density
0.1104060929
tw_list
0_3
theta2
-0.178932004 -0.02141370933 -2.066065163 -5.119426556 -4.929463974
-2.252718869 -3.280675457 -3.281725715 -3.816445591 -2.989415571
-5.77270279 -3.614984732
time
21157.995




