tract: 
1_2_3_4_5_6_7_8_9_10
-5.074208708
ddc
1237003.789 1156504.169
sdc
1025437.807 1156504.169
subs_perc
95.58053068
points density
0.1104060929
tw_list
0_1_2_3_4_5
theta2
0.2342803266 -0.04126565515 -0.1368254002 -0.390692529 -1.782024487
-2.013311597 -0.06916849218 -0.4765362631 -0.3797839748 -2.11172865
-4.947151363 -1.049738048 -0.5194677863 -1.018738044 -3.322765948
-5.047777968 -0.9818072223 -0.3981520453 -0.4821851737 -1.401300561
-2.251168208 -0.2140433091 -0.2587589804 -0.404713127 -1.694611196
-3.208679142 -0.6933009251 -0.362566649 -0.5129116187 -1.827558826
-3.083720835 -0.5066957735 -0.3061379086 -0.6102778932 -2.131060918
-3.679483462 -0.6365700879 -0.3105686324 -0.6816541533 -1.95969178
-3.005905228 -0.7461288755 -0.3888068149 -1.543600592 -3.962884848
-5.510998246 -1.039678687 -0.3818521379 -1.126030442 -2.931023872
-3.641874887 -0.6030375142 -0.3335160633
time
17203.385




tract: 
1_2_3_4_5_6_7_8_9_10
-4.612781027
ddc
1233220.917 1158836.425
sdc
1021088.07 1158836.425
subs_perc
95.72724281
points density
0.1105703074
tw_list
0_1_2_3_4_5
theta2
0.3306618575 -0.07520072601 -0.121140499 -0.3764931498 -1.900898712
-2.102528123 -0.09751798135 -0.6766413819 -0.4358555417 -2.514021652
-5.747948973 -1.103036234 -0.4916341227 -1.185495471 -3.959327563
-5.657005563 -0.9729281622 -0.3109066521 -0.4580969278 -1.455632316
-2.354143925 -0.2225648623 -0.2615199474 -0.425572961 -1.888625761
-3.691604926 -0.7029930544 -0.330942171 -0.5262395135 -2.107633694
-3.430593173 -0.5290742138 -0.2669510059 -0.6858196816 -2.402710712
-4.071260815 -0.6793705336 -0.3075984682 -0.7146395813 -2.081279687
-3.250842144 -0.7485225758 -0.3532922691 -2.001252223 -4.758741602
-6.11424412 -1.032322648 -0.3125989921 -1.190062609 -3.33129262
-4.073026812 -0.597065357 -0.281009541
time
17386.789




tract: 
1_2_3_4_5_6_7_8_9_10
-4.56298203
ddc
1233404.243 1159650.43
sdc
1022939.311 1159650.43
subs_perc
95.75430579
points density
0.1090513917
tw_list
0_1_2_3_4_5
theta2
0.313912606 -0.06958368924 -0.1264910689 -0.3697049547 -1.87472493
-2.127961789 -0.08337294629 -0.6577311096 -0.4326082748 -2.609539329
-5.702537773 -1.066853295 -0.4934317887 -1.116795876 -4.016567143
-5.767654106 -0.9656267173 -0.3323494861 -0.4624460744 -1.436011527
-2.438636949 -0.2148827929 -0.2647422664 -0.4675727911 -1.906117627
-3.610179812 -0.7665058729 -0.3551749075 -0.5529250835 -2.089091434
-3.580797239 -0.5078140864 -0.2547145123 -0.7024251628 -2.514648692
-4.199447912 -0.6863812857 -0.2769888066 -0.7203578437 -2.115196793
-3.22431928 -0.7478513779 -0.3602904435 -1.904814982 -4.772771826
-6.318960408 -1.041033889 -0.344392561 -1.176729739 -3.392810935
-4.108866994 -0.6363020749 -0.3548631748
time
18539.549




tract: 
1_2_3_4_5_6_7_8_9_10
-4.362740263
ddc
1232711.879 1161652.428
sdc
1024680.369 1161652.428
subs_perc
95.75562437
points density
0.1118114388
tw_list
0_1_2_3_4_5
theta2
0.3141940431 -0.07642989398 -0.1441906893 -0.3851820104 -1.88965521
-2.119526933 -0.08845641844 -0.6608535439 -0.4327719348 -2.541288127
-5.936544588 -1.125311096 -0.4864619307 -1.193081285 -4.129523636
-5.838846364 -0.9760432449 -0.333236728 -0.4703856476 -1.472063582
-2.306755635 -0.2048594389 -0.2938477612 -0.4193509776 -1.878015228
-3.636938364 -0.7066017915 -0.3310259824 -0.5601460907 -2.036056938
-3.497300951 -0.5541111169 -0.292328538 -0.6805941295 -2.455349708
-4.227546101 -0.6500831672 -0.2652176915 -0.7220619352 -2.104568198
-3.191716925 -0.7433033312 -0.3585114424 -1.860441318 -4.79176594
-6.374624249 -1.059431605 -0.3534296836 -1.136631636 -3.294098851
-4.018247487 -0.5955757581 -0.2985870866
time
17248.649




tract: 
1_2_3_4_5_6_7_8_9_10
-4.635125113
ddc
1235719.7 1160886.925
sdc
1024344.352 1160886.925
subs_perc
95.74548616
points density
0.1105191232
tw_list
0_1_2_3_4_5
theta2
0.3094732707 -0.05838372924 -0.12891269 -0.3703389184 -1.909499962
-2.125942225 -0.07067292614 -0.6327067212 -0.4242608181 -2.542996896
-5.827649032 -1.089297741 -0.4860660901 -1.181010622 -4.087112748
-5.71309093 -1.002299085 -0.3629936437 -0.463206028 -1.460177493
-2.408259767 -0.2280929721 -0.2722429258 -0.4556685769 -1.878838895
-3.651068048 -0.7446548872 -0.3436135883 -0.5530178266 -2.109832968
-3.529849139 -0.4955670601 -0.2723672757 -0.6752855638 -2.486731225
-4.251305002 -0.6850128527 -0.2967188902 -0.7558567215 -2.113091473
-3.203044013 -0.7491188935 -0.3520717939 -1.931543182 -4.839035194
-6.222412328 -1.043908601 -0.3634356549 -1.172364398 -3.169872496
-4.141254014 -0.5645507942 -0.2738199152
time
16828.199




tract: 
1_2_3_4_5_6_7_8_9_10
-5.001650331
ddc
8409.178279 7871.755985
sdc
7104.210257 7871.755985
subs_perc
96.44671911
points density
0.1104060929
tw_list
0_1_2_3_4_5
theta2
3.434903549e-08 9.801487807e-09 4.400359907e-09 -6.566876629e-08 -2.004912707e-08
2.839472329e-08 2.7587999e-08 -3.780471191e-08 -4.151008243e-08 -1.975464322e-07
-1.892032733e-07 -1.279472399e-07 -2.162758447e-08 -5.066545774e-09 2.203572903e-08
-1.718644064e-08 -9.046956546e-08 -6.608726071e-08 -1.247809515e-08 -1.222675566e-08
2.0511261e-08 -2.764269934e-09 6.84010579e-09 -1.521446139e-08 -3.549359242e-08
-3.869024304e-08 -5.597541382e-08 -4.868202795e-08 -3.554171496e-08 -8.044778443e-08
-7.197277491e-08 -1.092330239e-07 -6.612003328e-08 3.334607224e-08 8.282203213e-09
4.493249688e-08 3.079955848e-08 7.908103573e-09 -2.87387416e-08 2.230418218e-08
7.457337165e-08 -1.551724537e-08 1.815799588e-09 -9.246589792e-08 -1.841828976e-07
-1.160777779e-07 -3.27489474e-08 2.773456303e-08 -8.158939795e-09 -4.931640745e-08
-1.01271451e-08 -4.066426146e-08 -6.888280602e-08
time
14815.182




tract: 
1_2_3_4_5_6_7_8_9_10
-5.001101427
ddc
1928.719496 1805.162803
sdc
1625.384153 1805.162803
subs_perc
96.422771
points density
0.1104060929
tw_list
0_3
theta2
4.194878226e-08 -3.332533375e-09 7.460524972e-09 -1.406377046e-07 -1.08157639e-08
1.548830997e-08 -5.247202596e-08 -3.82743891e-08 1.822408991e-08 5.872926247e-08
-8.139425022e-08 -3.376200032e-10
time
3924.375




tract: 
1_2_3_4_5_6_7_8_9_10
-3.458331564
ddc
266152.4063 253811.1917
sdc
231060.1288 253811.1917
subs_perc
94.05220109
points density
0.1104060929
tw_list
0_3
theta2
-0.1785108529 -0.0216635441 -2.061757089 -5.111779462 -4.925921017
-2.249404223 -3.275827735 -3.276317565 -3.812052331 -2.984877834
-5.765819781 -3.610102912
time
5246.514




tract: 
1_2_3_4_5_6_7_8_9_10
-5.252506141
ddc
2383.99604 2231.307323
sdc
2015.031918 2231.307323
subs_perc
94.69843358
points density
0.1104060929
tw_list
0_3
theta2
-0.05134110481 -0.009263959986 -0.8446409975 -1.104399657 -1.161567437
-1.036917476 -1.233523992 -1.109182941 -0.9714574348 -1.232222304
-0.9585642893 -0.8517349752
time
7142.797




tract: 
1_2_3_4_5_6_7_8_9_10
-4.03970628
ddc
268180.2613 254002.7
sdc
230732.2916 254002.7
subs_perc
93.98380152
points density
0.1104060929
tw_list
0_3
theta2
-0.1442373051 0.002722457672 -1.921706685 -3.278396292 -3.161547629
-2.062389338 -2.66476679 -2.564881728 -2.938095074 -2.688098609
-3.448414461 -2.641725429
time
5229.403




tract: 
1_2_3_4_5_6_7_8_9_10
-4.096409749
ddc
268167.448 253830.17
sdc
230174.3809 253830.17
subs_perc
93.92638007
points density
0.1104060929
tw_list
0_3
theta2
-0.1166235852 0.01289707922 -1.852203257 -2.582612137 -2.456717239
-1.97905774 -2.420191782 -2.256324293 -2.602459397 -2.580681831
-2.574699263 -2.203307301
time
5477.022




tract: 
1_2_3_4_5_6_7_8_9_10
-4.105137795
ddc
268372.7654 254002.7
sdc
230313.3806 254002.7
subs_perc
93.88119389
points density
0.1104060929
tw_list
0_3
theta2
-0.1154513114 0.01423295226 -1.857704425 -2.559072447 -2.439901064
-1.980013794 -2.414069016 -2.251504763 -2.596521825 -2.580382822
-2.5479781 -2.201633728
time
5793.889




