> results_counterfactual_l2
$demand_vec
[1] 11.02909  37.09962 120.81020 388.89421 810.00076 805.80471 267.45293

$beta_list
[1] 0.1249903 0.2499201 0.4998402 1.0000000 1.8923644 3.2776713 5.6770932

$serv_lvl_factor_vec
[1] 1.0305537 1.0289181 1.0233311 1.0000000 0.9281684 0.7751015 0.5188261

$scale_distance_factor_vec
[1] 8.0006191 4.0012789 2.0006395 1.0000000 0.5284395 0.3050947 0.1761465

$base_serv_lvl
[1] 0.9698858

$demand_vec
[1] 388.8942 649.1778 880.8050 870.2072 803.7387

$beta_list
[1] 1.000000 1.465819 2.317664 2.838547 3.277671

$serv_lvl_factor_vec
[1] 1.0000000 0.9666321 0.8830477 0.8245026 0.7743670

$scale_distance_factor_vec
[1] 1.000000 1.465819 2.317664 2.838547 3.277671

$base_serv_lvl
[1] 0.9704422

